10
97
196 463
21 421
50 300
216 467
391 417
132 401
164 460
98 391
77 307
138 501
49 349
432 490
151 351
153 344
85 453
245 424
92 399
175 497
2 110
414 470
362 366
158 500
143 143
284 496
292 316
176 285
88 266
261 383
83 164
21 256
430 478
350 491
362 501
461 482
158 324
46 232
99 190
28 437
170 366
128 409
64 439
17 363
56 57
233 416
22 327
189 375
171 349
133 403
157 351
164 217
155 187
14 179
11 333
205 488
210 369
319 435
318 445
38 101
3 136
241 321
9 51
26 117
314 431
62 384
271 312
162 421
116 142
166 221
184 195
351 472
290 347
59 267
217 436
429 479
411 484
45 281
8 14
370 496
16 375
16 111
272 491
117 358
4 18
139 139
146 366
3 220
35 359
50 71
186 481
27 312
119 179
162 198
12 415
256 334
20 139
287 492
170 179
65
69 215
454 470
3 417
68 499
225 339
39 250
70 171
55 112
280 354
90 273
126 385
325 350
5 163
52 466
260 486
365 479
239 281
134 276
116 155
165 292
31 150
177 188
97 314
180 477
56 206
249 445
79 86
120 289
186 303
467 497
189 250
292 449
71 340
33 142
142 258
194 431
48 350
314 336
410 488
22 69
131 472
336 405
66 72
265 334
136 341
34 398
188 310
53 214
290 482
155 284
90 319
30 290
185 345
26 83
44 376
72 416
84 495
119 154
284 297
321 391
306 376
215 308
67 193
308 311
383 491
3
217 410
231 251
375 418
56
38 339
395 425
110 332
50 277
16 28
185 452
266 351
108 456
386 424
149 366
207 236
211 320
201 473
283 391
70 107
21 214
20 123
7 25
55 364
121 457
111 301
97 384
236 311
63 408
389 445
396 443
321 416
225 234
174 286
152 404
223 261
24 455
78 217
181 260
55 197
265 464
248 462
239 414
264 455
116 336
220 395
74 291
193 218
261 269
220 485
164 187
181 265
13 72
116 495
260 311
301 478
95 380
28 55
66 173
131 359
291 347
32
43 426
19 198
424 482
102 109
67 255
72 183
64 181
419 424
397 430
4 338
213 233
130 161
172 449
12 53
53 329
181 350
200 497
109 340
363 433
58 266
125 243
138 229
293 473
107 254
385 487
288 483
311 349
90 204
297 322
17 77
426 448
89 212
32
16 284
92 270
73 131
348 428
479 487
180 330
68 480
42 223
272 448
391 411
106 324
31 407
25 388
116 454
16 333
160 359
240 307
141 325
264 314
274 340
203 282
327 407
292 478
263 456
136 148
269 346
270 415
29 167
218 292
143 182
139 247
162 304
96
74 449
284 383
35 260
345 480
321 499
57 433
191 406
32 153
5 202
307 398
124 356
111 276
148 164
42 483
154 169
294 301
24 175
273 289
43 300
141 383
79 211
321 418
48 85
190 333
97 500
45 151
437 451
256 350
158 472
286 321
30 62
251 382
288 401
124 170
239 322
83 435
67 288
79 358
120 125
36 297
137 182
86 302
360 392
400 423
59 297
41 272
133 147
175 187
410 438
346 402
117 346
245 340
355 490
24 186
68 195
109 334
265 327
284 409
237 401
347 375
22 325
68 403
50 295
97 495
208 500
23 490
183 321
196 372
62 74
86 433
141 339
37 65
90 365
116 374
33 189
329 449
143 463
28 170
13 94
30 169
149 213
390 459
91 276
126 398
198 358
97 261
464 489
6 16
263 320
265 443
77 110
7 129
208 222
68 386
430 487
63 293
20
41 470
309 411
226 390
142 487
80 143
2 272
205 231
114 473
196 329
86 213
298 362
170 477
51 447
11 171
398 421
71 364
300 337
260 400
151 296
5 390
67
209 277
37 176
47 450
132 484
29 189
170 291
248 312
144 406
65 71
296 305
100 389
302 498
298 329
9 177
139 435
151 442
350 442
213 264
72 271
61 132
121 385
319 364
359 499
452 486
39 193
75 367
114 162
9 308
305 380
171 278
185 403
186 433
186 411
210 337
416 489
43 171
112 342
256 402
315 486
337 411
255 419
317 376
123 257
174 428
131 484
257 478
195 388
286 490
286 341
371 429
114 434
77 434
281 455
36 120
18 470
396 487
27 54
151 340
89 171
13 465
15 291
132 453
455 470
29 256
2 109
79 205
317 428
30
155 215
322 429
65 91
276 359
165 367
63 177
18 36
164 217
77 257
212 233
31 449
139 362
223 407
200 377
208 302
58 495
76 316
175 338
306 347
235 322
23 229
351 361
252 393
52 338
74 286
85 292
149 413
55 242
303 457
11 459
